emp_no,employee_name,date,upper,lower,zone
1,ŽÐˆõ1_1,2025-11-16,,T‹x,
1,ŽÐˆõ1_1,2025-11-17,‘1,‘åŒû1-3,‘åŒû1-3
1,ŽÐˆõ1_1,2025-11-18,‘1,‘åŒû1-3,‘åŒû1-3
1,ŽÐˆõ1_1,2025-11-19,,Œv”N,
1,ŽÐˆõ1_1,2025-11-20,‘1,‘åŒû1-3,‘åŒû1-3
1,ŽÐˆõ1_1,2025-11-21,‘1,‘åŒû1-3,‘åŒû1-3
1,ŽÐˆõ1_1,2025-11-22,,”ñ”Ô,
1,ŽÐˆõ1_1,2025-11-23,,T‹x,
1,ŽÐˆõ1_1,2025-11-24,,j‹x,
1,ŽÐˆõ1_1,2025-11-25,‘1,‘åŒû1-3,‘åŒû1-3
1,ŽÐˆõ1_1,2025-11-26,‘1,‘åŒû1-3,‘åŒû1-3
1,ŽÐˆõ1_1,2025-11-27,‘1,‘åŒû1-3,‘åŒû1-3
1,ŽÐˆõ1_1,2025-11-28,‘1,‘åŒû1-3,‘åŒû1-3
1,ŽÐˆõ1_1,2025-11-29,,”ñ”Ô,
1,ŽÐˆõ1_1,2025-11-30,,T‹x,
1,ŽÐˆõ1_1,2025-12-01,‘1,‘åŒû1-3,‘åŒû1-3
1,ŽÐˆõ1_1,2025-12-02,‘1,‘åŒû1-3,‘åŒû1-3
1,ŽÐˆõ1_1,2025-12-03,‘1,‘åŒû1-3,‘åŒû1-3
1,ŽÐˆõ1_1,2025-12-04,“ú1,•â•,•â•
1,ŽÐˆõ1_1,2025-12-05,‘1,‘åŒû1-3,‘åŒû1-3
1,ŽÐˆõ1_1,2025-12-06,,”ñ”Ô,
1,ŽÐˆõ1_1,2025-12-07,,T‹x,
1,ŽÐˆõ1_1,2025-12-08,‘1,‘åŒû1-3,‘åŒû1-3
1,ŽÐˆõ1_1,2025-12-09,‘1,‘åŒû1-3,‘åŒû1-3
1,ŽÐˆõ1_1,2025-12-10,‘1,‘åŒû1-3,‘åŒû1-3
1,ŽÐˆõ1_1,2025-12-11,‘1,‘åŒû1-3,‘åŒû1-3
1,ŽÐˆõ1_1,2025-12-12,‘1,‘åŒû1-3,‘åŒû1-3
1,ŽÐˆõ1_1,2025-12-13,,”ñ”Ô,
2,ŽÐˆõ1_2,2025-11-16,‘1,‘¬‘,‘¬‘
2,ŽÐˆõ1_2,2025-11-17,“ú1,4‹æ,4‹æ
2,ŽÐˆõ1_2,2025-11-18,,”ñ”Ô,
2,ŽÐˆõ1_2,2025-11-19,“ú1,3‹æ,3‹æ
2,ŽÐˆõ1_2,2025-11-20,,T‹x,
2,ŽÐˆõ1_2,2025-11-21,“ú1,4‹æ,4‹æ
2,ŽÐˆõ1_2,2025-11-22,‘1,‘¬‘,‘¬‘
2,ŽÐˆõ1_2,2025-11-23,‘1,‘¬‘,‘¬‘
2,ŽÐˆõ1_2,2025-11-24,‘1,‘¬‘,‘¬‘
2,ŽÐˆõ1_2,2025-11-25,,”ñ”Ô,
2,ŽÐˆõ1_2,2025-11-26,“ú1,4‹æ,4‹æ
2,ŽÐˆõ1_2,2025-11-27,“ú1,•â•,•â•
2,ŽÐˆõ1_2,2025-11-28,,T‹x,
2,ŽÐˆõ1_2,2025-11-29,“ú1,•â•,•â•
2,ŽÐˆõ1_2,2025-11-30,,T‹x,
2,ŽÐˆõ1_2,2025-12-01,“ú1,4‹æ,4‹æ
2,ŽÐˆõ1_2,2025-12-02,,Œv”N,
2,ŽÐˆõ1_2,2025-12-03,“ú1,4‹æ,4‹æ
2,ŽÐˆõ1_2,2025-12-04,,”ñ”Ô,
2,ŽÐˆõ1_2,2025-12-05,“ú1,3‹æ,3‹æ
2,ŽÐˆõ1_2,2025-12-06,“ú1,•â•,•â•
2,ŽÐˆõ1_2,2025-12-07,,T‹x,
2,ŽÐˆõ1_2,2025-12-08,,”ñ”Ô,
2,ŽÐˆõ1_2,2025-12-09,“ú1,4‹æ,4‹æ
2,ŽÐˆõ1_2,2025-12-10,“ú1,3‹æ,3‹æ
2,ŽÐˆõ1_2,2025-12-11,“ú1,4‹æ,4‹æ
2,ŽÐˆõ1_2,2025-12-12,“ú1,4‹æ,4‹æ
2,ŽÐˆõ1_2,2025-12-13,‘1,‘¬‘,‘¬‘
3,ŽÐˆõ1_3,2025-11-16,“ú3,‘¬–é(“ú),‘¬–é(“ú)
3,ŽÐˆõ1_3,2025-11-17,,T‹x,
3,ŽÐˆõ1_3,2025-11-18,‘1,1‹æ,1‹æ
3,ŽÐˆõ1_3,2025-11-19,‘1,2‹æ,2‹æ
3,ŽÐˆõ1_3,2025-11-20,‘1,1‹æ,1‹æ
3,ŽÐˆõ1_3,2025-11-21,,”ñ”Ô,
3,ŽÐˆõ1_3,2025-11-22,’†1,‘¬–é(“y),‘¬–é(“y)
3,ŽÐˆõ1_3,2025-11-23,“ú3,‘¬–é(“ú),‘¬–é(“ú)
3,ŽÐˆõ1_3,2025-11-24,,j‹x,
3,ŽÐˆõ1_3,2025-11-25,,”ñ”Ô,
3,ŽÐˆõ1_3,2025-11-26,‘1,2‹æ,2‹æ
3,ŽÐˆõ1_3,2025-11-27,‘1,1‹æ,1‹æ
3,ŽÐˆõ1_3,2025-11-28,,T‹x,
3,ŽÐˆõ1_3,2025-11-29,’†1,‘¬–é(“y),‘¬–é(“y)
3,ŽÐˆõ1_3,2025-11-30,“ú3,‘¬–é(“ú),‘¬–é(“ú)
3,ŽÐˆõ1_3,2025-12-01,,T‹x,
3,ŽÐˆõ1_3,2025-12-02,‘1,1‹æ,1‹æ
3,ŽÐˆõ1_3,2025-12-03,‘1,1‹æ,1‹æ
3,ŽÐˆõ1_3,2025-12-04,‘1,1‹æ,1‹æ
3,ŽÐˆõ1_3,2025-12-05,,”ñ”Ô,
3,ŽÐˆõ1_3,2025-12-06,’†1,‘¬–é(“y),‘¬–é(“y)
3,ŽÐˆõ1_3,2025-12-07,,T‹x,
3,ŽÐˆõ1_3,2025-12-08,‘1,1‹æ,1‹æ
3,ŽÐˆõ1_3,2025-12-09,,Œv”N,
3,ŽÐˆõ1_3,2025-12-10,‘1,2‹æ,2‹æ
3,ŽÐˆõ1_3,2025-12-11,‘1,2‹æ,2‹æ
3,ŽÐˆõ1_3,2025-12-12,‘1,1‹æ,1‹æ
3,ŽÐˆõ1_3,2025-12-13,,”ñ”Ô,
4,ŽÐˆõ1_4,2025-11-16,,T‹x,
4,ŽÐˆõ1_4,2025-11-17,‘1,2‹æ,2‹æ
4,ŽÐˆõ1_4,2025-11-18,‘1,2‹æ,2‹æ
4,ŽÐˆõ1_4,2025-11-19,“ú5,‘¬–é,‘¬–é
4,ŽÐˆõ1_4,2025-11-20,‘1,2‹æ,2‹æ
4,ŽÐˆõ1_4,2025-11-21,‘1,2‹æ,2‹æ
4,ŽÐˆõ1_4,2025-11-22,,”ñ”Ô,
4,ŽÐˆõ1_4,2025-11-23,,T‹x,
4,ŽÐˆõ1_4,2025-11-24,,‘¬–é(j),‘¬–é(j)
4,ŽÐˆõ1_4,2025-11-25,‘1,2‹æ,2‹æ
4,ŽÐˆõ1_4,2025-11-26,,Œv”N,
4,ŽÐˆõ1_4,2025-11-27,‘1,2‹æ,2‹æ
4,ŽÐˆõ1_4,2025-11-28,‘1,2‹æ,2‹æ
4,ŽÐˆõ1_4,2025-11-29,,”ñ”Ô,
4,ŽÐˆõ1_4,2025-11-30,,T‹x,
4,ŽÐˆõ1_4,2025-12-01,‘1,2‹æ,2‹æ
4,ŽÐˆõ1_4,2025-12-02,“ú5,‘¬–é,‘¬–é
4,ŽÐˆõ1_4,2025-12-03,“ú5,‘¬–é,‘¬–é
4,ŽÐˆõ1_4,2025-12-04,‘1,2‹æ,2‹æ
4,ŽÐˆõ1_4,2025-12-05,‘1,2‹æ,2‹æ
4,ŽÐˆõ1_4,2025-12-06,,”ñ”Ô,
4,ŽÐˆõ1_4,2025-12-07,“ú3,‘¬–é(“ú),‘¬–é(“ú)
4,ŽÐˆõ1_4,2025-12-08,‘1,2‹æ,2‹æ
4,ŽÐˆõ1_4,2025-12-09,‘1,2‹æ,2‹æ
4,ŽÐˆõ1_4,2025-12-10,“ú5,‘¬–é,‘¬–é
4,ŽÐˆõ1_4,2025-12-11,,”ñ”Ô,
4,ŽÐˆõ1_4,2025-12-12,,T‹x,
4,ŽÐˆõ1_4,2025-12-13,’†1,‘¬–é(“y),‘¬–é(“y)
5,ŽÐˆõ1_5,2025-11-16,,T‹x,
5,ŽÐˆõ1_5,2025-11-17,“ú1,•â•,•â•
5,ŽÐˆõ1_5,2025-11-18,“ú5,‘¬–é,‘¬–é
5,ŽÐˆõ1_5,2025-11-19,‘1,‘åŒû1-3,‘åŒû1-3
5,ŽÐˆõ1_5,2025-11-20,,”ñ”Ô,
5,ŽÐˆõ1_5,2025-11-21,,Œv”N,
5,ŽÐˆõ1_5,2025-11-22,“ú1,•â•,•â•
5,ŽÐˆõ1_5,2025-11-23,,T‹x,
5,ŽÐˆõ1_5,2025-11-24,“ú1,•â•,•â•
5,ŽÐˆõ1_5,2025-11-25,“ú1,3‹æ,3‹æ
5,ŽÐˆõ1_5,2025-11-26,“ú5,‘¬–é,‘¬–é
5,ŽÐˆõ1_5,2025-11-27,,”ñ”Ô,
5,ŽÐˆõ1_5,2025-11-28,“ú1,3‹æ,3‹æ
5,ŽÐˆõ1_5,2025-11-29,‘1,‘¬‘,‘¬‘
5,ŽÐˆõ1_5,2025-11-30,‘1,‘¬‘,‘¬‘
5,ŽÐˆõ1_5,2025-12-01,,T‹x,
5,ŽÐˆõ1_5,2025-12-02,“ú1,3‹æ,3‹æ
5,ŽÐˆõ1_5,2025-12-03,“ú1,•â•,•â•
5,ŽÐˆõ1_5,2025-12-04,‘1,‘åŒû1-3,‘åŒû1-3
5,ŽÐˆõ1_5,2025-12-05,,”ñ”Ô,
5,ŽÐˆõ1_5,2025-12-06,‘1,‘¬‘,‘¬‘
5,ŽÐˆõ1_5,2025-12-07,‘1,‘¬‘,‘¬‘
5,ŽÐˆõ1_5,2025-12-08,“ú5,‘¬–é,‘¬–é
5,ŽÐˆõ1_5,2025-12-09,“ú5,‘¬–é,‘¬–é
5,ŽÐˆõ1_5,2025-12-10,“ú1,•â•,•â•
5,ŽÐˆõ1_5,2025-12-11,,”ñ”Ô,
5,ŽÐˆõ1_5,2025-12-12,,T‹x,
5,ŽÐˆõ1_5,2025-12-13,“ú1,•â•,•â•
6,ŽÐˆõ1_6,2025-11-16,,T‹x,
6,ŽÐˆõ1_6,2025-11-17,“ú5,3‹æ,3‹æ
6,ŽÐˆõ1_6,2025-11-18,“ú5,3‹æ,3‹æ
6,ŽÐˆõ1_6,2025-11-19,“ú5,4‹æ,4‹æ
6,ŽÐˆõ1_6,2025-11-20,“ú5,3‹æ,3‹æ
6,ŽÐˆõ1_6,2025-11-21,“ú5,3‹æ,3‹æ
6,ŽÐˆõ1_6,2025-11-22,,”ñ”Ô,
6,ŽÐˆõ1_6,2025-11-23,,T‹x,
6,ŽÐˆõ1_6,2025-11-24,,”ñ”Ô,
6,ŽÐˆõ1_6,2025-11-25,“ú5,4‹æ,4‹æ
6,ŽÐˆõ1_6,2025-11-26,“ú5,3‹æ,3‹æ
6,ŽÐˆõ1_6,2025-11-27,“ú5,3‹æ,3‹æ
6,ŽÐˆõ1_6,2025-11-28,“ú5,4‹æ,4‹æ
6,ŽÐˆõ1_6,2025-11-29,,Œv”N,
6,ŽÐˆõ1_6,2025-11-30,,T‹x,
6,ŽÐˆõ1_6,2025-12-01,“ú5,3‹æ,3‹æ
6,ŽÐˆõ1_6,2025-12-02,“ú5,4‹æ,4‹æ
6,ŽÐˆõ1_6,2025-12-03,“ú5,3‹æ,3‹æ
6,ŽÐˆõ1_6,2025-12-04,“ú5,3‹æ,3‹æ
6,ŽÐˆõ1_6,2025-12-05,“ú5,4‹æ,4‹æ
6,ŽÐˆõ1_6,2025-12-06,,”ñ”Ô,
6,ŽÐˆõ1_6,2025-12-07,,T‹x,
6,ŽÐˆõ1_6,2025-12-08,“ú5,4‹æ,4‹æ
6,ŽÐˆõ1_6,2025-12-09,“ú5,3‹æ,3‹æ
6,ŽÐˆõ1_6,2025-12-10,“ú5,4‹æ,4‹æ
6,ŽÐˆõ1_6,2025-12-11,“ú5,3‹æ,3‹æ
6,ŽÐˆõ1_6,2025-12-12,“ú5,3‹æ,3‹æ
6,ŽÐˆõ1_6,2025-12-13,,”ñ”Ô,
7,ŽÐˆõ1_7,2025-11-16,,T‹x,
7,ŽÐˆõ1_7,2025-11-17,‘2,1‹æ,1‹æ
7,ŽÐˆõ1_7,2025-11-18,“ú5,4‹æ,4‹æ
7,ŽÐˆõ1_7,2025-11-19,‘2,1‹æ,1‹æ
7,ŽÐˆõ1_7,2025-11-20,“ú5,4‹æ,4‹æ
7,ŽÐˆõ1_7,2025-11-21,‘2,1‹æ,1‹æ
7,ŽÐˆõ1_7,2025-11-22,,”ñ”Ô,
7,ŽÐˆõ1_7,2025-11-23,,T‹x,
7,ŽÐˆõ1_7,2025-11-24,,”ñ”Ô,
7,ŽÐˆõ1_7,2025-11-25,‘2,1‹æ,1‹æ
7,ŽÐˆõ1_7,2025-11-26,‘2,1‹æ,1‹æ
7,ŽÐˆõ1_7,2025-11-27,“ú5,4‹æ,4‹æ
7,ŽÐˆõ1_7,2025-11-28,‘2,1‹æ,1‹æ
7,ŽÐˆõ1_7,2025-11-29,,Œv”N,
7,ŽÐˆõ1_7,2025-11-30,,T‹x,
7,ŽÐˆõ1_7,2025-12-01,‘2,1‹æ,1‹æ
7,ŽÐˆõ1_7,2025-12-02,‘2,2‹æ,2‹æ
7,ŽÐˆõ1_7,2025-12-03,‘2,2‹æ,2‹æ
7,ŽÐˆõ1_7,2025-12-04,“ú5,4‹æ,4‹æ
7,ŽÐˆõ1_7,2025-12-05,‘2,1‹æ,1‹æ
7,ŽÐˆõ1_7,2025-12-06,,”ñ”Ô,
7,ŽÐˆõ1_7,2025-12-07,,T‹x,
7,ŽÐˆõ1_7,2025-12-08,“ú5,3‹æ,3‹æ
7,ŽÐˆõ1_7,2025-12-09,‘2,1‹æ,1‹æ
7,ŽÐˆõ1_7,2025-12-10,‘2,1‹æ,1‹æ
7,ŽÐˆõ1_7,2025-12-11,‘2,1‹æ,1‹æ
7,ŽÐˆõ1_7,2025-12-12,‘2,2‹æ,2‹æ
7,ŽÐˆõ1_7,2025-12-13,,”ñ”Ô,
8,ŽÐˆõ1_8,2025-11-16,,T‹x,
8,ŽÐˆõ1_8,2025-11-17,’†11,‘¬–é,‘¬–é
8,ŽÐˆõ1_8,2025-11-18,,”ñ”Ô,
8,ŽÐˆõ1_8,2025-11-19,,”ñ”Ô,
8,ŽÐˆõ1_8,2025-11-20,’†11,‘¬–é,‘¬–é
8,ŽÐˆõ1_8,2025-11-21,’†11,‘¬–é,‘¬–é
8,ŽÐˆõ1_8,2025-11-22,,”ñ”Ô,
8,ŽÐˆõ1_8,2025-11-23,,T‹x,
8,ŽÐˆõ1_8,2025-11-24,,”ñ”Ô,
8,ŽÐˆõ1_8,2025-11-25,’†11,‘¬–é,‘¬–é
8,ŽÐˆõ1_8,2025-11-26,,”ñ”Ô,
8,ŽÐˆõ1_8,2025-11-27,’†11,‘¬–é,‘¬–é
8,ŽÐˆõ1_8,2025-11-28,’†11,‘¬–é,‘¬–é
8,ŽÐˆõ1_8,2025-11-29,,”ñ”Ô,
8,ŽÐˆõ1_8,2025-11-30,,T‹x,
8,ŽÐˆõ1_8,2025-12-01,’†11,‘¬–é,‘¬–é
8,ŽÐˆõ1_8,2025-12-02,,”ñ”Ô,
8,ŽÐˆõ1_8,2025-12-03,,”ñ”Ô,
8,ŽÐˆõ1_8,2025-12-04,’†11,‘¬–é,‘¬–é
8,ŽÐˆõ1_8,2025-12-05,’†11,‘¬–é,‘¬–é
8,ŽÐˆõ1_8,2025-12-06,,”ñ”Ô,
8,ŽÐˆõ1_8,2025-12-07,,T‹x,
8,ŽÐˆõ1_8,2025-12-08,,Œv”N,
8,ŽÐˆõ1_8,2025-12-09,,”ñ”Ô,
8,ŽÐˆõ1_8,2025-12-10,,”ñ”Ô,
8,ŽÐˆõ1_8,2025-12-11,’†11,‘¬–é,‘¬–é
8,ŽÐˆõ1_8,2025-12-12,’†11,‘¬–é,‘¬–é
8,ŽÐˆõ1_8,2025-12-13,,”ñ”Ô,
9,ŽÐˆõ1_9,2025-11-16,,T‹x,
9,ŽÐˆõ1_9,2025-11-17,‘2,‘åŒû1,‘åŒû1
9,ŽÐˆõ1_9,2025-11-18,‘2,‘åŒû1,‘åŒû1
9,ŽÐˆõ1_9,2025-11-19,‘2,‘åŒû1,‘åŒû1
9,ŽÐˆõ1_9,2025-11-20,‘2,‘åŒû1,‘åŒû1
9,ŽÐˆõ1_9,2025-11-21,‘2,‘åŒû1,‘åŒû1
9,ŽÐˆõ1_9,2025-11-22,,”ñ”Ô,
9,ŽÐˆõ1_9,2025-11-23,,T‹x,
9,ŽÐˆõ1_9,2025-11-24,,”ñ”Ô,
9,ŽÐˆõ1_9,2025-11-25,‘2,‘åŒû1,‘åŒû1
9,ŽÐˆõ1_9,2025-11-26,‘2,‘åŒû1,‘åŒû1
9,ŽÐˆõ1_9,2025-11-27,‘2,‘åŒû1,‘åŒû1
9,ŽÐˆõ1_9,2025-11-28,‘2,‘åŒû1,‘åŒû1
9,ŽÐˆõ1_9,2025-11-29,,³Œ‡,
9,ŽÐˆõ1_9,2025-11-30,,T‹x,
9,ŽÐˆõ1_9,2025-12-01,‘2,‘åŒû1,‘åŒû1
9,ŽÐˆõ1_9,2025-12-02,‘2,‘åŒû1,‘åŒû1
9,ŽÐˆõ1_9,2025-12-03,‘2,‘åŒû1,‘åŒû1
9,ŽÐˆõ1_9,2025-12-04,‘2,‘åŒû1,‘åŒû1
9,ŽÐˆõ1_9,2025-12-05,‘2,‘åŒû1,‘åŒû1
9,ŽÐˆõ1_9,2025-12-06,,”ñ”Ô,
9,ŽÐˆõ1_9,2025-12-07,,T‹x,
9,ŽÐˆõ1_9,2025-12-08,‘2,‘åŒû1,‘åŒû1
9,ŽÐˆõ1_9,2025-12-09,‘2,‘åŒû1,‘åŒû1
9,ŽÐˆõ1_9,2025-12-10,‘2,‘åŒû1,‘åŒû1
9,ŽÐˆõ1_9,2025-12-11,‘2,‘åŒû1,‘åŒû1
9,ŽÐˆõ1_9,2025-12-12,‘2,‘åŒû1,‘åŒû1
9,ŽÐˆõ1_9,2025-12-13,,”ñ”Ô,
10,ŽÐˆõ1_10,2025-11-16,,T‹x,
10,ŽÐˆõ1_10,2025-11-17,“ú13,‘g—§,‘g—§
10,ŽÐˆõ1_10,2025-11-18,“ú13,‘g—§,‘g—§
10,ŽÐˆõ1_10,2025-11-19,“ú13,‘g—§,‘g—§
10,ŽÐˆõ1_10,2025-11-20,“ú13,‘g—§,‘g—§
10,ŽÐˆõ1_10,2025-11-21,“ú13,‘g—§,‘g—§
10,ŽÐˆõ1_10,2025-11-22,,”ñ”Ô,
10,ŽÐˆõ1_10,2025-11-23,,T‹x,
10,ŽÐˆõ1_10,2025-11-24,,”ñ”Ô,
10,ŽÐˆõ1_10,2025-11-25,“ú13,‘g—§,‘g—§
10,ŽÐˆõ1_10,2025-11-26,“ú13,‘g—§,‘g—§
10,ŽÐˆõ1_10,2025-11-27,“ú13,‘g—§,‘g—§
10,ŽÐˆõ1_10,2025-11-28,“ú13,‘g—§,‘g—§
10,ŽÐˆõ1_10,2025-11-29,,Œv”N,
10,ŽÐˆõ1_10,2025-11-30,,T‹x,
10,ŽÐˆõ1_10,2025-12-01,“ú13,‘g—§,‘g—§
10,ŽÐˆõ1_10,2025-12-02,“ú13,‘g—§,‘g—§
10,ŽÐˆõ1_10,2025-12-03,“ú13,‘g—§,‘g—§
10,ŽÐˆõ1_10,2025-12-04,“ú13,‘g—§,‘g—§
10,ŽÐˆõ1_10,2025-12-05,“ú13,‘g—§,‘g—§
10,ŽÐˆõ1_10,2025-12-06,,”ñ”Ô,
10,ŽÐˆõ1_10,2025-12-07,,T‹x,
10,ŽÐˆõ1_10,2025-12-08,“ú13,‘g—§,‘g—§
10,ŽÐˆõ1_10,2025-12-09,“ú13,‘g—§,‘g—§
10,ŽÐˆõ1_10,2025-12-10,“ú13,‘g—§,‘g—§
10,ŽÐˆõ1_10,2025-12-11,“ú13,‘g—§,‘g—§
10,ŽÐˆõ1_10,2025-12-12,“ú13,‘g—§,‘g—§
10,ŽÐˆõ1_10,2025-12-13,,”ñ”Ô,
